11,29
11,28
11,27
11,26
11,25
11,24
11,23
11,22
11,20
11,12
11,10
11,8
10,313
10,312
10,311
10,310
10,309
10,308
10,307
10,306
10,305
10,304
10,303
10,302
10,301
3,1
3,3
10,300
10,299
10,298
10,297
10,296
10,295
10,167
10,294
10,293
10,292
10,71
10,291
10,290
10,289
10,235
10,288
10,99
10,287
10,286
10,285
10,15
10,284
10,283
10,187
10,282
10,29
10,281
10,280
10,279
10,165
11,19
11,17
11,15
11,9
11,7
11,1
11,21
11,2
11,3
10,278
9,7
10,277
9,5
10,276
10,275
10,274
10,273
10,272
10,271
10,270
10,269
8,7
8,9
8,15
